h = 0.70000
Omega_b = 0.0463
Omega_cdm = 0.233
n_s = 0.972

# replace by A_s, needs to give sigma8 = 0.821
A_s = 2.18950679963895637729e-09

# don't change these
output = mPk
P_k_max_h/Mpc = 10.0
